B_min = 0
B_max = -20.2
B_step = -0.5

N = 200

T = 2 K:
[-0.     -0.0086 -0.0332 -0.0713 -0.1192 -0.1736 -0.2315 -0.2911 -0.351
 -0.4104 -0.469  -0.5267 -0.5835 -0.6395 -0.6947 -0.7493 -0.8035 -0.8572
 -0.9105 -0.9636 -1.0164 -1.0691 -1.1216 -1.174  -1.2262 -1.2784 -1.3305
 -1.3826 -1.4345 -1.4865 -1.5384 -1.5903 -1.6421 -1.6939 -1.7457 -1.7975
 -1.8493 -1.901  -1.9528 -2.0045 -2.0562]

T = 6 K:
[-0.     -0.0029 -0.0115 -0.0257 -0.0453 -0.0701 -0.0997 -0.1337 -0.1719
 -0.2138 -0.259  -0.3071 -0.3576 -0.4103 -0.4648 -0.5207 -0.5778 -0.6359
 -0.6946 -0.7539 -0.8135 -0.8733 -0.9332 -0.9931 -1.0528 -1.1125 -1.1719
 -1.2311 -1.29   -1.3486 -1.4069 -1.4649 -1.5226 -1.58   -1.637  -1.6938
 -1.7503 -1.8065 -1.8625 -1.9182 -1.9737]